1906481
11266729
4506527
47392546
30326211
15461386
38107901
3859828
12542488
17883526
439038
14928835
7749640
3381123
13380359
53135943
1279647
14622094
33041203
14874448
26955758
3555741
9571973
3773393
3688212
24237023
8110439
22231654
14226318
463835
51695516
1397554
27975049
37542002
18708298
75567570
5721946
17057383
4309022
42610821
6993640
31289007
1522213
18557322
18052600
14160733
9031679
5465658
14109829
2179544
4449658
22016762
20834279
16859077
7949855
4369092
23688158
9154872
7364382
14419756
13491042
37574682
7805799
2378005
4331581
252734
5010666
1529817
23902274
11246083
43110648
5365511
1527383
16719176
2625588
1390043
4686799
9760877
5417777
12890557
7229459
262306
23433244
796079
1613564
2875771
4033250
5239403