88 55
902611196 960611242 788398365 307160864 339804511 944702088 331209010 72516336 767976429 433228970 575017496 707072258 823031318 485051766 44008907 349086094 444623546 641648654 19332145 80559251 686740303 55629980 715581193 557733966 17425664 698452900 91717700 899267640 262907792 867918187 982633346 165518987 681045781 771031710 325196202 20850291 568250149 656405212 945882978 188742930 89634181 520900474 895815187 912665498 858468591 792340445 114267943 155608488 433989098 133600087 236167738 120729401 41746419 951748931 530979718 
59172082 502718182 622697417 810956073 765625973 343131955 646105771 783661311 24177735 269653832 108857512 45028025 837903981 765262723 843427355 26646910 707413255 216844180 774978448 472595105 75312770 567318893 586863047 230921257 853824342 572979486 467088995 827070094 467242256 271354277 210566163 378930689 626588810 833263579 42403113 244731134 28911886 688508883 28392444 53089620 958162715 137249955 950633997 648583047 755029030 794061351 527746308 314958636 10905530 302724755 787553740 938734651 722559999 374416787 22172259 
576384341 947396272 489261253 255970786 267154879 613131881 466536949 646085567 239720690 152316879 688488679 484451823 181228764 376997562 365360618 234318384 187676628 355126925 37468732 836259674 110155954 831530082 364005981 277630941 694951963 519247087 65184681 486202965 241807086 292117819 508375223 670707778 92030442 997636476 926678563 359185320 463284708 393215511 5270886 703005398 545532390 693759564 39973572 726761153 923273477 405334190 813595888 110950104 760461114 851064619 947209777 723133419 535111052 163732109 764359 
82579366 682979196 918465391 568782330 777302633 210583209 77157553 448010410 302613650 927310380 227205324 661798969 390595087 620420835 519586206 946116836 18469576 65862122 986090408 597747080 989135598 243940949 411342968 100085702 856918414 114923938 899811830 432568184 650034990 916060291 285848894 732614355 451555838 204314285 301396685 228858470 267413845 231070589 529385231 570027495 158380968 756590554 84342815 401492406 229527740 603929021 347609242 247997315 669791142 186216001 845744395 511443091 282673301 109603714 464045144 
139591714 224527651 216373326 572159897 874562640 132433616 858008790 459693347 583989453 914839426 761090031 665364274 182253271 992160619 194749504 604797117 3057938 951340057 689139931 404550343 33384149 145585303 604675936 281381463 667892796 790891936 979642209 179335887 73565236 89245922 643381030 65673301 166289925 859754355 490349549 893368916 844704322 200874691 353062262 281210126 115714116 966668644 946574399 150483738 811345614 141323902 755280854 814403551 945180311 296937137 71470246 978564459 442522439 676146181 112462273 
110415235 319554469 92104482 142267473 245636056 33866755 638164854 163825709 52673031 350435561 654175257 946041947 195139882 855049947 151620560 476350008 970764063 118289204 275440758 121247800 782151169 269281012 729045006 449071072 66977674 25982142 520541317 45542132 321020932 49203849 10520756 283952518 221274669 955141589 426219990 466910725 841524696 64384844 630736433 894197726 267336756 137428041 692756024 462476637 992477988 696892936 791342996 815758402 667698491 66783754 789522553 449849659 336064765 518567558 898920730 
403042438 397066051 271978398 301100921 718086983 173698599 164138028 2039500 394973267 119279617 280775842 861883991 960804312 197677037 345136775 707518389 465013792 482564816 252790765 927490428 327559155 949683700 571349776 143317556 469898542 638133529 932840108 919748200 826714645 303924018 671185282 82273434 700990068 795680031 383374354 271593402 969378629 547512381 273632902 364351896 519308349 554408743 78752238 332629012 752085779 276405365 40147401 69615922 758970180 145454517 997106349 86529334 947654568 420972476 82363241 
417553109 59106004 867719700 189817660 738337000 24160069 713519293 820610433 725150137 509199324 56501138 996743538 331094304 604013519 122892791 695446199 123321867 529817885 626714789 308467231 134420015 903120153 201130983 204035936 514606684 346585499 53658637 453652369 146756418 474631112 536015609 564309526 386253468 256251660 606643537 124590467 280411729 320162830 945200900 5561865 681878505 1702037 854821754 12972808 458231907 830230897 560935359 434070126 360048781 187650147 742537356 494468796 90770299 943668338 698504731 
457893334 142770188 752163367 911545702 289526605 79310831 300077662 706352482 465564298 556329321 312996018 590154764 836741049 485675199 387872015 694819265 167553703 242090404 402157371 33042863 552838662 232388267 593978221 986908787 444953399 781628367 581962494 939422194 724915017 378147183 490443277 35324702 373433722 95122995 946870403 662960326 174433825 246948064 221829159 639998122 803277384 534825177 82669238 492534785 20500375 323057604 187354049 40570430 565148007 589511419 73613292 117986669 674416037 667591512 957411807 
119369436 301736230 391890653 911307981 879167598 622554187 254267609 914492299 995987909 349390604 861362701 511464586 376340780 960827116 733293745 16338902 616620851 120635273 951524491 109155635 141135647 274582094 149026036 34222428 692246453 738537454 107835719 662749473 265469843 627943582 472677631 384839278 782196163 864568283 148663610 661363760 339638822 402931219 428372410 335626730 752321822 142251462 847091315 128662601 103078577 432901411 997517854 719699428 553536683 801558696 681371414 547188682 76140790 830397449 581411109 
620903594 421451255 541763180 283653066 686921097 22223113 756330696 71760374 804419276 473415331 72940335 318299387 813054152 475871553 746671797 1197233 80709726 888923258 700804899 61888679 844518187 133706310 59406532 416733966 687242992 713481580 98105379 86948025 642138721 928502828 668359134 263042314 202470434 62638665 399211731 889391530 84861777 8058778 813668255 741797404 481474108 886608589 912613143 147044611 362480142 511801291 758195 443189867 253240900 701563094 505078545 97759086 835269403 417001429 514493051 
375028746 130483008 465114782 461976771 625138080 246133961 982852256 888180393 448604394 45490920 139908475 337995923 982869048 147967252 4180529 577182804 629441360 890789117 342312298 629002322 105785610 854113588 629760517 548975477 107354487 331323610 906570373 57629925 19109364 176088153 572122975 246654461 159087512 37237756 708631231 784225591 135888068 543999838 524922335 584492461 442007109 664830809 922488383 277392509 812798061 926668911 854575312 294755772 669974380 49403961 923758093 775759989 903517548 553518609 177251817 
10872034 737358570 83822190 68501958 756467933 259910342 493141285 3122394 418997854 382895392 564269976 55739796 518783460 108269814 580662131 103275920 402793274 245492939 878280655 680185782 58290999 657465917 387277445 205563122 179956648 436681405 129321215 955716637 340198952 535356175 132968453 203587338 272714745 69306994 124605647 881699029 329217336 470263283 737337774 600731541 853158675 154124102 656471336 224458486 114910267 237133466 180250757 517703540 335142757 911047763 197889322 245950107 421030032 585166766 451513229 
600986679 21848171 580834443 556703315 214563474 116190617 542188120 270667163 241421713 611495113 395272810 123120742 940712448 865536092 712974867 393960340 571211118 867098968 50431676 648185955 982009234 140081493 828436712 499712774 475224249 592000826 550118447 721174356 13030857 135285212 172687584 614017536 9649734 606038378 23237202 76729560 574745346 565425321 347396722 816167059 29436786 595185883 791804152 970149233 313238327 357295370 216625925 884449444 224394338 267057600 385151751 58919923 407139092 66104814 558632696 
882363341 658105639 108751142 456054048 671136496 96552706 628741631 137670383 958718791 87296360 13423936 887964702 662041705 578849257 87877776 330725115 608286042 683063658 122529266 430951626 996301984 332340988 647577550 733267780 556735325 767151501 118419530 615655247 26806945 184524343 26804295 909170285 842629981 988071788 217740684 366282828 937140845 846482314 356469562 748375988 933778673 369893498 636340689 448336729 948742754 724218464 779061844 409545147 259798474 754107461 693013124 256100457 86448448 193107026 989368236 
495700124 960258526 960304117 111355371 987065470 144828459 990676017 748752106 839974792 978747804 966492789 58773971 768405001 665491454 415243533 516780988 451786478 785137030 5638028 900123207 586396135 582372844 679185050 848457633 842171317 285808862 541470756 98271773 372257310 734577781 940156361 867957433 547352659 752976829 831829155 534418128 750321640 675021523 135686586 442812783 506285679 102179374 501586753 274690679 767670828 769346637 643988018 71973657 407000018 649626045 972096863 993396152 84515240 503798264 694370136 
926686556 789607126 88357244 877474681 14380787 822935024 670147393 882338219 222804034 423124221 566683726 757222162 25962212 94221600 892908747 468774994 600507278 847604472 970361747 875197956 467791651 592224735 371702325 539765308 999224753 21328370 511862170 845137256 105843609 15660434 539507392 885046517 657783911 627864635 762521197 672164697 303316010 285184941 407019267 526120044 708309161 973702992 135858557 734271373 67924592 881283655 55562718 520948221 728888126 25924464 248662529 49196129 470665551 620364853 588961436 
469890303 494209574 100823605 167543910 452569535 969000390 707051301 337616051 479300652 187432287 952653599 151465348 343264649 237838539 558484615 869384692 798664051 384703958 857759600 385451775 305144901 739043254 441014493 826093122 320447731 319455308 74755650 369643859 790120858 547636854 958605294 112527512 41846428 911945251 280071422 494415962 733461992 987122722 684548364 65278996 27071361 637201962 216744343 370336009 727556852 627745309 92237052 526220902 12449267 949996651 911672677 170110519 541556256 205203521 848719992 
714520338 524658828 775991993 84164197 314779686 323628847 895285842 427307197 217991626 659747444 707378618 712407587 245725788 547017692 249472302 311004783 426605404 886674263 380265477 796941412 466747466 8010786 741694815 992968367 872976404 544207817 757157395 43086922 85764072 962360915 744323266 652800761 339536095 520315258 589481309 654315780 696460456 337283503 934139328 914452081 997030946 494034298 479376019 95273085 41051989 728848320 258794219 320173744 468038934 639059696 117115155 934786399 647070481 711326321 780271118 
372563236 255534137 389944864 268166509 193814560 204822131 12489774 846615320 544358225 385321384 288612981 51190356 81781839 625896483 985329683 996233920 475443780 479363980 328126290 570716865 372932320 56974610 829511083 693106063 525013543 321087130 662737569 312316294 968157610 226580241 92587411 193237197 482114377 482532274 461403706 528445288 687354404 473893479 227576960 84228980 859214862 516189940 135419335 793513053 142086422 120749018 642263324 617530201 452629349 970389613 40763417 825561669 27364222 722790852 371184083 
404894117 43877981 886438004 717210410 864551943 113018244 662314172 57789139 447648973 144846445 519192844 976094260 684717201 845602675 203671219 768946180 557333888 719861158 904365515 350846940 714463931 877630884 993110263 184510484 330260232 816016228 225273900 8338252 695896801 948064751 232038687 100790917 844459084 118476690 670517678 709011026 84011285 185348201 619316516 531660257 182710998 138509360 507754517 867428198 836628386 563942087 488890729 393962273 136319597 245772595 597325565 850783527 123403478 442952179 35294010 
306180062 258968406 113084262 167034665 954865207 61149012 399073351 908172475 758124447 517550040 431206505 319651824 601561325 616554705 938968340 133221581 799265702 929994051 493492449 519210251 766622436 57434536 860617332 13101060 46270484 106389926 610426624 897054010 82309756 53378803 932348020 241006169 164863560 45432281 408040833 972245118 959097644 807114184 732933945 569738443 177180575 16656801 889390266 631258251 633211505 828358605 616996184 284993559 610869007 110488632 656720161 230007794 20439519 517337492 243108854 
66710002 476243770 706051829 816280364 411069877 611946983 601144735 504592397 776810543 499093367 912633229 601572012 310707362 572263764 334505956 880445804 601960691 351162756 769836070 233218941 836890613 450711026 850215124 121884171 61580033 813220108 631120683 144104178 686175978 974527 387213031 605402332 477218296 93264860 274199047 740804524 557728194 875343781 245396920 187055088 374437147 10546500 788627100 685144508 435326616 123133055 418106664 37287306 326812163 40459085 123022598 16219127 491170110 973237722 138103297 
405266494 638974181 621740331 549370672 177666510 622714857 789100054 635585193 99933152 734881265 909784239 693254027 292609459 785128019 938650946 479664546 12081517 801713798 120807997 549742377 237040413 96457404 967849040 126844070 423269566 8308124 249866667 439488692 351994585 75620740 430108340 757261079 714594920 51848670 159148102 744777782 527079879 948248155 380362974 479529382 535645772 142663565 172783409 828255230 927791583 963950706 160436127 792389452 765664503 281244124 342131828 855221267 377701527 162497219 982065336 
653487444 170805342 231932003 92976135 522799926 307552742 375600826 132577356 874664014 279965847 144241809 619441795 807045725 92489964 852321120 139091459 480652087 994984684 311874867 161423668 775292619 128341924 321859794 567682070 894006427 455620269 762330249 601744045 833321795 924827467 583809381 339325590 95632808 668257735 284818076 470949085 975810476 660418901 456042793 702990841 792901100 600284601 174948987 452463176 545290916 27270107 591554634 25943002 22254790 903429500 187366669 650063760 31771424 361742815 70262181 
778294202 817363083 832592429 232554598 503201230 757419895 816363978 842526819 705569054 337138064 127344895 29034491 165464892 640280147 485077283 868455732 433181246 85361883 43404719 885644422 483169151 70674825 329715407 509112152 945445966 85661259 548995173 448026078 117432682 910737987 518288258 748243235 728101069 350880687 980797832 83818650 960816933 649678162 926345469 518902339 986816225 53690363 547936829 4797468 546486861 885530463 873253200 979668107 823408697 916657918 717828880 306577847 839849094 47544286 668206351 
637811411 133205544 217201523 85837488 103154577 127939509 456642098 703914163 708556929 807522784 537228347 792375579 620856068 39422860 571237399 139758406 878755436 477444113 540211586 883552904 23930973 425742048 756806103 856115431 101667097 525980372 426460662 408244943 218345817 326521300 76451293 708673579 312243195 146169167 647027419 267914124 126625027 103669516 971828286 687698308 763708651 361572984 332590238 384564718 253512195 903827636 376839476 132267631 381271748 917051061 15820534 257719072 195309461 625142988 113834503 
296976557 3639711 540295164 705221499 74501879 866816463 634189144 783175457 31576010 632874662 430202875 299490133 759499689 386388742 123834770 299714348 150097392 485407754 632304585 387178462 738919948 536132220 764017937 723703930 769920319 681068997 592040815 27639390 876378457 69700154 141473892 25871365 73339864 534285408 731092864 147841742 253618222 217798359 931017199 285194231 850673020 213736425 584684363 462689060 600125167 708519133 762403407 602738910 46443238 247224343 989917371 637879537 783356562 753935307 361583467 
405793232 287520656 953624281 433432622 16415464 23324435 427422865 42286829 949180650 814224624 625896044 97022392 67842846 843694402 880555942 205553428 546883773 946808718 642754143 862089185 399450236 203789627 477008943 2189146 250232864 724233286 992106516 888112400 360106199 598558175 102212218 765899431 738595182 908352851 51848404 755010645 784193637 479271268 649813825 733374286 146012244 275709868 682913029 66371441 971920621 415985322 271924868 371320746 215310392 914679010 233409930 614760627 118468636 710418872 616949772 
221217851 287168509 461572640 961846603 647274708 912647166 64058820 413174138 651242347 824928022 465022541 258769343 609121658 796810160 908583168 195012296 942822403 36809387 730441676 9193843 8730008 146426998 133635063 232567105 214253741 48314072 465977034 829014367 19299060 28912257 298480491 93033262 316080766 760053130 54879864 963355473 525216647 971455036 229045962 28975345 648899409 546584854 287744687 110537419 343395013 48844206 305549714 138733768 85653593 35991389 147927610 946899952 34934738 281562672 31983408 
101704830 182393096 497960441 930719197 54208507 379389049 229199687 147241768 695469814 841769168 54637984 511341638 366985814 878609371 592903951 395961158 380025131 139488804 536222196 490562549 335400169 585066402 796112262 474133936 523236346 684620003 622061545 322652649 572071092 756140569 354636056 673775922 938533664 705112848 457011470 845258522 84501896 686211156 845016641 632488062 380496675 752170976 143829699 747482488 483296698 589250002 995959997 863321829 728738805 532182192 353884377 64138973 969764945 2512991 390789260 
345517642 539649345 12850805 668170290 111720436 621507725 875322697 638012709 412557740 580435544 95024178 257816261 517453792 633751685 102832901 149941853 14248359 707520229 146287903 614247198 190816926 735537904 462723546 54138754 316793061 994905738 260539483 233448385 817187034 115568825 624237645 162704676 655218169 489604801 683391317 619454956 111112525 558714014 109984017 376186616 991665909 57524546 634002876 509119700 691276231 589352128 511577904 558040941 149388708 657865807 24804491 340205634 245920062 487528036 246860739 
415229474 334950125 359916573 648677859 4653511 475485397 125431855 167358186 130703565 467553007 850749502 750158521 431181883 261979867 860142537 807368498 106162128 917667082 293887725 615281827 461459664 883239852 126859731 872016957 32628560 637241889 896821447 225350545 735678302 236865834 324727635 150907776 424332311 684644208 652101986 428985821 160129604 777533840 596344006 143349521 97603198 299609859 893508041 528785080 414106078 606166929 336153577 520268205 376350362 630041301 135550031 690326378 365797504 114926113 562343334 
250942415 604684353 311681132 328809311 192879007 401063317 653536946 343786782 825395627 338181153 995888767 254381447 350827108 625938958 703241804 494176628 723542155 2851663 240201020 104843586 269474092 846367948 440997162 789742296 75234662 923554814 777808678 765561039 141868669 745251143 180420724 392811084 202451847 344618207 721620394 395330853 745681523 227673691 739117634 571077150 565854843 587522752 677974948 916681951 65978061 381216752 263374930 642036567 236584766 503575950 746880152 506058857 202460249 40393665 148317504 
277694910 963948478 926126181 895772300 105817147 671377323 76193023 351144582 873829170 273327581 72764975 121676374 19009104 152955018 860794008 442602605 718809860 300833111 120577552 488008162 219327524 354310655 751383092 861364090 590895420 107475393 608244242 949470628 309935641 648637906 97788131 587630551 465102736 23914312 335919202 570919882 547807986 264628577 922064463 274153507 537956157 847345789 395829881 556965260 300806 109140240 999567864 571627018 262489702 972661768 912151531 481817225 326972422 516050974 343181315 
770384194 623526366 803941908 719854821 933462007 305096165 670159304 373608909 770198900 546589967 709528110 193635133 94397952 974156686 115699595 221067811 512112843 815561736 469414043 921594454 668378893 578554282 773678670 92522262 841043983 746340437 4673793 175377560 925829210 373241118 518558874 696213403 996767484 175017133 268584576 930229490 480113297 938743879 156354750 250312197 337850197 865882859 443947329 284764500 840039545 412163276 505832310 204668739 80241363 975246352 126263192 601136607 406316985 752458213 693658869 
99877320 351315001 550849013 275254879 277144211 924090130 646330104 825873965 773373965 821347236 94458540 556119806 301460532 885718770 712474555 404289080 76085318 578357414 848236409 360849818 270913310 112916036 866682127 328098400 45673750 694444831 306877943 646810356 953278167 59336156 192985576 53155486 410651156 743834588 180926716 540311718 520441070 827256819 366185683 146331386 501120406 313160574 702451192 802580938 51395696 414925746 59386369 127481013 845799511 907622777 488330830 116712820 873055164 207529309 297327571 
918728913 754490491 604205514 565539269 707768657 663541669 758524844 613440495 926709176 354875784 646883562 467020894 727833205 326656733 685722928 874164590 827777138 998883501 576615781 482874427 902795548 844057879 542260796 30276561 689857389 302399924 371123742 659086561 175455088 431169402 956414131 94184000 185659892 413135996 512239620 745944901 76677664 123280816 211901747 855903192 330672951 858785308 175440437 58506155 185442040 861163364 932670744 13219178 712563216 361802877 348609956 615358764 58377107 890870751 498151676 
748234495 193270675 721791769 259837407 221242114 152961171 68767890 167942465 191137414 481903885 680182085 937082314 411097901 655979252 148984060 119517444 986652202 7769368 294957880 45158356 45727759 156121243 830345451 911463288 868684458 44664679 260073244 336559573 103041785 3460346 687227600 703792632 196731020 409019369 963630038 417973133 414496891 884914279 585915598 605634304 219334516 118614034 542716618 630432416 774593285 544217029 749949859 613761838 404502748 44907738 511436545 450230507 53545332 194298347 214210146 
774746141 238963026 474283389 111305714 194521162 477743735 651049665 898313793 526991106 60069033 714460183 944964239 327082275 599374461 383396188 932716579 818708976 354526573 327949548 301657743 129119857 872166576 904123953 595398046 276669324 801548042 106834590 579416182 855093373 301132936 793626327 482355866 392612313 120426068 446177931 587133475 598169802 97227595 485447267 125160907 9812980 52423801 922641497 336895254 651798262 158554036 122128184 323023589 513080608 450077731 477197684 494716816 322244307 381321636 90114861 
451429982 35386030 49465802 30846163 890479402 203115090 824472489 225351619 595727402 944898556 671529549 182860876 395584709 768757144 520824495 373261968 631086475 573248295 148419816 967981728 77562908 159490204 90109912 400586497 672570811 392703994 877784180 19803979 714948300 111622167 962435191 18894633 147008196 11900993 49740795 890003950 67532434 726729636 115355568 663259835 524144543 786885117 846120711 919729252 408158612 219461557 145507571 39245086 792709851 146443738 859743165 870272759 305933941 802369428 123375607 
978504752 47589774 1159786 850825082 762538073 965298304 813260272 781432706 112306500 677677616 683689852 854826801 745210049 410419487 970182368 260986236 934564030 609583836 107106946 706809633 870258799 179084854 704833555 762020236 971794704 851277292 474279753 842067462 157211233 129165532 965443068 988232336 176755305 819119205 839057417 939293378 636933861 504834040 573242435 601756712 35028008 109448638 456583512 632754408 519868125 279282231 893740643 306948506 741382419 853363940 866274490 611641217 32448793 571108044 226177805 
4243497 274901687 700457557 698827310 432112919 829623088 516786730 272861606 6378393 188422286 111919022 798188122 825356146 469269414 223946908 279629209 356813773 333395545 736212720 989568180 853263669 868011303 883308823 12728526 609393721 589189114 879003015 73551289 621637907 302627410 299729093 478397755 577529097 186649 29741416 862158367 682326089 399044497 135019973 688704481 587466783 99455346 339408954 265339280 421241111 563355861 544968489 778054883 896751405 133697560 767623063 602531426 1708862 503448237 615259951 
463618934 92637350 346779318 389686575 566791608 501923079 689415667 897705714 79452175 542118668 927447130 794126894 76961108 179007978 929146866 765665588 766474760 881118563 105074541 884330392 302359674 520946753 281815232 80414556 417698157 415512791 700553970 20229582 269738005 56518558 488005885 585873290 1672260 687301554 975559864 420980219 189224632 517491883 318685933 121193159 59610550 98649414 915320052 136571657 277657391 696983269 754753596 896648503 430618183 712344488 780978894 732977856 85807592 62794125 665908764 
503505748 330823267 218979085 376251682 453077623 128013995 716773918 38950913 129686254 404075471 14510776 550666472 445816454 384519010 721868756 567009612 296645911 820518169 334846015 285733919 950691912 884345635 40487514 847340414 314963818 605348353 480835659 900458025 691155944 396146135 418883140 47178044 579485753 637862225 275946077 32563376 765876219 992719994 71514288 748078824 249311816 938541415 151261647 695128269 175576777 873130403 114654233 472222687 546164923 449500247 757956606 496856834 186362234 650960471 196713599 
501326051 108825176 530065609 254300427 799981119 926211743 673183567 699675514 358213848 163562143 975621590 390777223 929438361 968341583 314807862 530033536 70169750 105865628 681295182 765298019 281442404 554425584 879952251 753665091 100590507 181968849 364138048 449963692 368331082 15098518 499193643 869657132 123923693 29259251 123957559 776421164 807987346 649657477 476096677 166201193 813219619 304234619 409494767 595174331 125092553 724302628 125207866 195262303 682684607 806503047 960560321 964127011 213444983 840512571 570308453 
166551841 22481419 934446500 469031884 243328853 802061369 968225526 112985984 925985062 997484777 89459894 554922577 657988474 591633722 31019253 824189666 404853340 187770223 86200784 27670 312862776 810503411 977751887 508125078 345704369 636771286 468685398 162347731 850216268 161714320 732656183 869284460 36712090 519619034 338316343 280040942 174196755 159058221 245543278 100181816 9059349 187519523 507620744 667047822 779153245 391156348 343753839 36522936 578926571 429954622 889066958 891789346 92974384 866818844 399914423 
438678752 356106481 721116172 601026483 58839100 882830491 186199017 928123559 772058932 705818051 118956254 52099874 880014805 278014474 150159503 832712972 287073822 190195377 192850067 954121643 969348621 584006414 297875481 858387909 162932984 727830102 747454866 54722329 820804485 466790061 307153103 111999588 822896542 28269274 713026070 881735641 763616116 899225087 662375552 388191400 457559489 781331805 292807625 190090645 59346278 442967127 22803616 346420099 633162503 68170034 153058093 455027476 652176447 450933573 165931736 
815109431 31280026 913386601 722348111 704600862 232693013 882017566 816600449 908105906 762803191 529626519 642357899 378935659 281367957 304733450 767127058 738927445 86065254 59934682 929018089 997927883 355418160 804338056 196864333 988580662 872508089 349922425 296124489 524684535 800855997 462056224 192310317 684652374 227959176 767174780 389253235 313168541 649192345 58370035 221274446 264511887 587996553 863632344 643447545 869364509 20882145 410574602 460808305 959463750 323025635 389826393 957391632 678443794 46680800 6772316 
519540808 919188888 356694740 815665296 296389775 10067088 130237872 488700091 694719461 210713399 108391222 83972695 523881939 757583566 142342730 745156385 22095453 582855634 461305080 518059349 304736495 334703577 928633951 765544799 294167326 104175937 7887544 104075310 782619731 54568343 110847625 302160538 973757231 467542365 970342185 122663357 477609452 100580056 611363447 24845265 163809807 719754669 108817959 687691745 329854586 103677040 285364481 204466390 539049026 746669561 722525739 696301872 81373137 503676041 314363022 
228056814 607851977 322250565 184648475 242988059 229335260 295496100 545148596 55608842 615554816 368007133 178272198 93164267 321103540 789635644 118009531 484913346 361906664 79343842 172605091 544277602 35537233 457969571 748743991 427102610 57155483 323786081 123404481 991044971 679978473 290283855 71618137 140346802 612534419 256266611 383334860 841869678 551762710 928483456 897478519 19833877 149006940 75750716 112998144 470110479 717902712 83524026 955023825 932325727 15384219 127628915 476603328 903437804 438114837 77863671 
183056765 347786672 254166103 158977598 338831642 934144576 449261452 410449778 74491377 914312222 666716389 457826236 608698252 70995450 238826043 358693122 90829327 387832982 286960190 56343822 857943461 4862901 992384199 665483637 789704979 860284770 645628903 118824659 616238925 83743739 196688329 799295689 284046762 450854431 810789638 622878404 237515358 112567441 885844533 312006734 26879663 405077273 622349322 635577914 476072723 861175364 994271035 419418401 101524698 133747576 475762222 811984510 138610476 320662772 477468146 
780831807 180947541 123097048 899656465 797186465 59357138 96344793 448998506 195920252 399715575 112304495 818798655 637230933 224871936 557159539 801754018 251751598 962236812 424103339 739845863 290825886 137795055 586633249 710244286 91836104 720380825 38522859 903820613 711507652 359185630 233805110 492339458 540133171 209418509 244512274 189835987 121291998 193373418 491350844 317212249 593088993 603655339 136010903 82836277 828527274 545686794 884590294 80278871 507923605 161209985 672641085 798749490 151521391 259274333 361510127 
243357494 979655157 400032985 147178106 543679161 759218614 380983215 36018618 151868136 590401723 133047244 341704123 711693720 326420661 833054966 28905969 919509653 289226656 17433223 854862281 117753929 415636368 591968927 50549151 923559972 753178911 723190235 574825813 904700301 834980920 936335939 574146 667152428 188885275 147752251 210831588 948103889 381251817 99366558 99972024 971653539 232413801 294192498 535863610 558834461 127247464 417285930 330860466 268990471 287235505 38239098 386744400 702871872 630208024 289809902 
478948196 235903286 13000137 906290360 140603586 700497408 695142651 141177731 367649835 884027925 141446333 430997775 832131813 522698149 530364332 784620189 346868039 615294484 78812686 735248001 26645296 58576501 5050282 357505761 327566972 292285786 395744859 566827723 847674010 25952882 856637624 179138557 114372520 722154112 85428916 107492457 422651519 780571566 101186540 642817706 517115843 242632872 73815480 201764007 617847373 456696163 986384195 964715411 71990646 65196881 552479763 98635941 976289733 557530045 308658054 
156373056 849815830 704402912 723200778 550006191 582872145 579838402 729144747 697244664 154508865 814573663 804737121 577160384 447661580 905923660 72494441 964777422 1072883 146309920 19057781 618920255 603006082 5441975 436152018 527513079 923155207 988631780 626149019 899444940 398678176 934807072 55817995 101010358 491726335 631535125 651016548 927114832 63889878 380161295 476875847 218398742 47251309 134129319 795559125 347429240 40052978 868053565 164723014 893642213 866879836 183780794 365078819 322402269 189222768 801230836 
849915347 112377975 642378968 328580718 864339266 41057143 115904141 772673612 142067500 607630476 256725088 645600400 387261659 320614965 25761694 864137505 539013707 925529354 998266824 187089183 272958593 890836153 55142748 437681606 784478365 774538935 621462399 2073536 96941204 663201519 803304371 946856550 628095845 298199690 127953619 344951462 191773185 243857760 117625073 186357036 851488235 226866513 831957435 91266245 547481477 710235480 955403749 86495183 488281185 953670572 273584366 761239778 697023077 181243465 51437735 
334017793 955782399 525416486 336091328 905239954 188618004 139395699 704612856 816713848 290111740 832566474 14181661 334401276 76424233 131806733 520758312 780428819 211189597 205232098 871695063 758671074 767983930 827098812 845166256 256265114 633285735 971266973 870021243 182825163 5026789 921458978 516842956 960809188 299391815 852934283 718565493 488009818 844846333 423178348 157240017 134958073 108261174 171421677 321875700 184685406 155744761 842634011 965114225 366934358 900382461 689325639 125605431 668366390 368940802 823288038 
777147855 2226537 647071363 647169098 37568051 652098151 421144427 554411006 465423690 720536241 407345289 183989183 61062410 104707973 459683882 70818778 92182397 567945055 242240454 414058097 752630461 250501566 109208459 570261037 617435923 9590919 112103027 595557705 530473660 481043829 271362095 307621515 335786717 918433457 807306964 373354767 423047959 80967742 927765773 888471649 801503982 187627413 72460831 715082743 292335385 384661064 785901520 384517782 952606119 28141973 798575878 557752931 131159890 907784336 128013967 
748595813 917375255 92633345 196669869 300365266 573677173 320548315 607986780 909463889 91498123 267810095 282818656 514546082 348777836 63100780 403017730 2798169 250728192 327994912 717880911 543063576 712655975 503782430 927581357 517778445 384440754 726157234 75531375 515600644 486457922 56061693 116712808 256349528 148695038 165899028 556714793 722372210 486447343 17217925 484352451 577945465 285028019 767171106 92491546 633805855 830271885 348025627 636604023 81000076 676020538 354484934 476580003 241192865 710783715 404161360 
758971309 95224469 982834945 687019036 463341464 469292866 743080728 432570623 725642393 744292117 598469650 134873538 319180679 84916992 152091462 803533129 662862457 437119480 423220586 607870354 70925334 106008822 955895981 707529357 39525249 484432870 914530642 516105251 725625734 625314356 920266610 337113395 573055176 755617907 24132430 888912991 77427124 619729509 321483613 803069517 216537978 919953263 937943054 535718656 857386606 90034515 339251784 372765414 379670346 762472369 980635768 450595680 868481190 936531748 10641388 
908006438 273480969 925172029 276628040 999106703 403002736 49411002 188736449 828574264 805028908 65385230 717487254 882456031 537631090 891487219 538041899 754169067 663956833 328501304 289887722 521343438 271052170 481655857 894108852 650722516 96644577 727260971 101318195 965125766 516309070 964475934 725648555 789790038 742164314 2276595 641413092 145167049 51687596 830149540 826257664 709232855 748051121 396261270 591688885 285682211 287748488 129730784 39851277 951705320 310748439 182255351 325565109 581800609 663911207 72190312 
232523124 760555784 799451282 186357670 578197901 168276703 3349955 156362808 958066741 745514268 11155754 599479832 743197668 915359701 282145724 569455332 624592555 30196844 965716601 68797791 168395406 105981440 51044926 60763035 910203111 361793365 95534737 88284571 943593973 759445943 160474883 28633448 372518078 812442516 67507469 803232331 980719219 70857423 959595138 938785959 816371690 823267243 390782142 559569357 738626943 525444217 981541040 215735849 408157413 799773992 137049991 576552818 905755431 188094917 489832204 
668474893 402404633 585366940 756759464 198514957 197329235 917234346 227148404 569847312 582193213 294655872 225595994 562912431 365513294 37707483 354214741 34401335 860974725 597513235 593970691 452118019 122957451 428028083 667853867 531114863 227802074 804903858 960184033 986073857 845515126 450016236 654548749 247919758 35383176 263824564 446434714 85228762 33575261 526099469 655076073 615768474 820755340 880672067 31197256 38784985 918379549 385411997 73186319 631870626 982925231 519673361 83988644 958399033 947701443 604358863 
342030248 28019869 261779072 302214280 14093725 107294197 604746867 521158825 207730306 492646394 784983389 654165019 577875155 818558649 32780839 85467580 434327122 853536178 966139646 465524378 744837514 737035546 703452726 818023832 221422523 538894308 190213544 305411167 497293340 137914987 909770029 839323587 165934855 24065452 994054218 32544931 131359648 598801085 553703755 339089953 91447478 338687143 845771323 521838985 9762144 878552161 607306564 444089265 584604690 425962561 762129994 329442203 15514458 465582719 999982386 
236936981 4477026 190195929 542348147 354286718 180627267 304634527 46126656 346562121 328699978 40180874 379107051 312575977 491498310 932810806 651665929 435462139 124014300 349953603 957301123 133776443 228505763 417124038 430382060 813110452 843086598 192512053 995069006 858601056 510611124 995051391 95538036 367604501 37763671 490402534 721891218 218390938 795037060 620534226 417469410 976253389 513231451 796576461 288829365 4729760 581903618 793011645 292708250 558434269 142965247 102525725 692210712 223987361 519649762 122592771 
37097812 215252712 167621175 884683169 73853767 678232298 732250911 21908154 45836799 770014581 512310687 620244368 840921870 159864098 93294945 258391280 136117486 606526395 907484092 277463202 463772506 341904061 70474846 756480756 900338329 65956444 711522832 445065392 289943804 83688945 420174514 179557967 298941656 587795689 64241135 372795422 118544338 796492045 394703575 16897488 419022977 907014261 489658208 112461199 66878358 582953152 370852478 55512195 189479547 130852921 332975396 653252052 472756981 255966593 262249159 
373095309 321923036 973771990 818160701 611866839 57460935 90851566 791424805 208918942 678647254 855665939 581714364 649707944 504674335 828934290 666605431 776213664 588464903 8779990 888674862 507859612 591733142 112043691 563371807 781212688 242896611 748863554 286981091 715653591 4830147 401746602 88748899 326753182 228034943 759425951 938620021 138012229 850277517 582561177 346931171 381441122 290743468 928645534 31149065 795417802 610096175 550270848 424147817 198561077 559050837 312822678 706420689 3300330 424866368 122308847 
784513017 667762978 871172400 924010460 235932920 728518898 325757061 177198171 55272080 553792003 936624121 846408452 691804232 639417989 281485980 38735402 873375463 572229447 819897287 757040879 220163601 282509813 159828078 644311417 481070890 718878915 957134095 40007930 722179244 234516814 14833128 359208613 754796144 886005527 135735424 990729063 467040777 461492484 167927233 374829208 867800838 957067706 73754011 412121421 449002046 355239990 303373174 322377508 927469437 123270460 79418387 147633037 258296625 91762816 791944453 
739367514 810641730 601594899 631891795 385337326 688628065 646724922 597062290 443424208 385246800 732797713 286669622 852287576 46806548 454596855 227116783 914607385 264180912 300870793 326728806 713182957 656110783 630101979 35560465 436096571 605888791 967495203 583729607 864185415 59258018 228190411 456069280 722416100 682301662 87961074 960269777 370929726 587202347 557332066 666870285 972449146 142646130 953539906 824736722 189452677 260653112 904369856 104060061 524834023 57757001 283305218 238016980 713867783 913407197 126093796 
2480705 371812339 946105350 586210311 88514105 857879719 666917073 397099736 432812170 349218734 337577161 393081946 572664811 924779507 802930363 239535095 897228652 945576492 45591353 574481725 135029168 306244464 331367933 91605581 831078487 389124933 374910798 69095466 102992715 140834346 47705613 105473419 512646684 993810962 544200081 453677140 704207032 63633505 850776875 137019202 412852239 188354035 382617499 985517049 113133541 185547862 77568496 862878545 131124353 123159848 289876621 118669873 429404311 621244553 210275453 
112999149 10369485 585186250 34610966 965878551 726020596 82316578 923868321 91183631 928643891 320584753 544860771 632850923 384218258 248153997 622386476 649586848 436508032 5003974 487620248 402157924 43068187 565188743 117552820 26708892 540864942 259945793 145378764 970269253 881190345 208170568 83268401 744076182 793356817 117879367 562471084 371893764 52712296 338855757 315593747 981356187 511956861 860454517 466723461 896175118 108608513 89109936 398278317 397632896 946630261 885898565 652307172 989698448 303603659 769859991 
16407339 844468601 29805783 14302454 667254205 763512480 222473021 603038957 360105013 15829837 573434675 775092448 240239953 626146971 113948204 555833699 460019509 478421417 268804567 779259321 227112886 229929431 720885608 625391203 480078679 667515868 511289767 132385850 509730667 814893425 754762192 526138005 511878377 637084327 540440458 179132581 253113158 762913478 782171538 613218170 631259667 208122564 240826969 724015971 834269534 207291525 132366021 146805394 685712941 401170587 926064714 912825826 483616369 499466673 538217028 
963695047 19498893 902023146 96080896 529229559 569432923 703359440 55367564 81311299 340443766 448324373 112960232 593556923 63754203 895131769 59291444 547530221 103254332 300118412 271546191 790040218 507409936 403912211 789361963 45639228 657599149 567943029 958465054 141215517 67409701 349198433 104910564 86908593 251221579 53507811 616138152 820654501 609383602 524022067 754482151 949827367 824862791 867442382 395900641 888616993 615090502 307708436 288663565 570861186 607826848 560209755 213417755 967753135 816638317 2779717 
13392363 474237465 570722745 971857416 467969334 490648798 173572200 425396249 577557390 424793778 331420411 46211893 97964630 940804013 422750311 852446781 743147731 247613102 572405514 139048372 988746446 187496016 299273159 277410011 758357201 907100006 690136117 971774955 727369493 506774434 827071023 740761855 833528250 250310120 565135622 301497583 740958917 738707821 726893831 171032658 16017951 58314242 217244551 113982580 851634606 639994861 818945712 594782336 740124314 243867578 586347059 728870760 431363593 885620218 858797122 
42237145 645236575 548933238 866528451 225122419 908224023 693599473 965884273 741752273 943909592 383536246 895766207 537384860 974760419 475176390 708417518 990778369 386006983 925662068 957277300 237641588 418173280 628739364 684940275 10813946 872606941 123803686 739684705 156486885 9423903 450998178 51240381 507176829 999931415 917768831 732299248 760671790 463884655 550699872 354940414 260310599 786752470 250706620 797695458 761512888 725883009 506112975 604807608 111889991 284291394 414601259 202047930 554981026 895856974 886988205 
565794971 620980266 10791890 157996027 777467150 872732144 608994204 828707530 232425324 461441970 598992712 817240923 222113759 62877367 220457147 577054172 323187965 7209616 680277144 120883422 621238855 258676504 479512749 78562814 223082847 616320494 493164072 425130776 171301519 241537398 164635332 737096489 862517663 27943573 895092515 492501165 753192068 356603070 173725046 985617392 818045040 772717758 655374666 40158798 835595124 875831812 469729322 11299440 883041427 2522817 984699213 356796633 261199320 316728313 435359446 
484282166 933048807 928523518 909412942 104350325 22577267 926564625 693963166 885094929 954508198 441572032 377596093 560216617 798175102 551321139 398350360 468736493 176555248 53725026 361411642 12150371 929556837 831140963 875966162 665114616 833663779 860665374 21911248 94863099 29910039 309787046 431661616 962958845 90826915 193590909 919825521 113404181 120155534 466305038 998499109 927180083 907877070 228611554 487396699 558568523 779932692 885747059 27305015 956487939 791988436 241233008 821154661 574061624 72373971 549637174 
91692591 758554101 262818899 113603839 705933551 292728937 275907236 137595167 255687781 366734150 183702427 28029654 480138330 303857960 494334691 478637438 83554394 254728112 707248991 570951093 813296634 339698034 309214503 693118000 148702324 101202938 934351008 822373336 527780913 859241330 372010509 619473504 470311782 634829408 585593694 28761685 927558344 861500929 18873203 35762477 228235078 202575629 63792130 708373407 358949941 558126820 39527196 442504334 812854932 599292539 13455426 478667917 938990572 175186280 24302269 
940209248 128905569 811169628 762582583 656686482 522927309 987109444 128676337 993239090 474455203 714270030 874517126 254529898 575770958 893390328 290292374 656522387 948482309 206600855 217412145 307432249 764727675 256939340 749936582 430098958 856231878 615908360 761283226 647738802 643610991 785585494 440464401 772516560 449271473 55563335 281719393 972198781 42672778 410395729 817954223 517127980 124665758 692471348 771657878 552953067 438378028 914466603 61991805 239376688 121067458 279403949 546808936 738311484 536343288 149261869 
20926793 245091518 617686580 782210018 745346671 261297571 420311864 185811071 886330482 869583336 241374405 20566226 841782117 136563535 430961954 512252691 653691514 408144063 57240390 277865743 813613481 495618417 44848698 875605285 734995104 165916155 155009233 134320391 904227638 543868872 136098612 925154430 788960389 753785191 559880799 386823411 15082761 980192662 572634481 753929594 849775998 666525238 774495819 544074466 803088772 57974124 56327156 309296637 466118186 113567545 587162380 132248018 461702314 632011077 7853302 
49213769 650443583 15378886 36050512 407187572 559247758 172149123 184858353 200724498 925934313 744739151 587547909 793533426 724931813 12698741 547463019 427224162 679223978 174475190 823814979 482312749 232449313 732658486 791609386 698567499 698742382 231288117 830815516 12961047 715815545 691185170 62174816 366259127 706564055 98225327 773446698 265811812 270374449 958305050 466536310 48825113 555560552 54084218 842358538 133008716 66782958 242337909 560232877 598523288 416813098 236564207 80836036 649262410 969222692 724961773 
200346260 667965074 808766241 31161776 680926120 524581785 574863297 595617287 743357263 281427351 693842613 369320312 399755515 816733413 180141713 866291824 865558526 735702265 772892393 707917063 868710980 692191702 950254971 281460209 143231341 219584420 518024415 76583729 868846830 487247107 801545501 69193089 7728532 462828094 952871216 541171003 987409878 527734512 136788290 583283493 661678215 683147254 952603804 61433729 499880667 132745517 780241904 217955544 868447781 405650648 925872606 589675112 97842349 728643929 871135320 
93590042 948228348 389159735 170173770 669591529 728923193 971719270 738784618 736651724 287063715 544172185 130339078 126989945 71906697 267127367 710273437 586101263 950274621 662877240 647534991 302671639 648139108 280293246 520627182 369103240 685943893 299016139 958778352 636302593 880176419 829913671 729892634 680921119 71589757 900066403 350512647 800512949 724302025 941813616 389681024 11365739 485985801 520020102 138355683 410408849 639663820 848629119 996510111 442454792 364022711 496561453 745126430 12161818 776854698 118269963 
233781410 315314942 269802454 192559761 951617534 149978872 874989783 681510168 830899990 946579540 434092922 33928989 599608840 158394946 975742604 841806216 22277037 314244756 214342669 160632719 577169956 854006488 861778190 426196418 296461280 78317252 922757870 894104061 90479069 552128919 12374024 176776830 867443860 134692829 369336590 671577746 284671700 96842725 205604265 968088042 43422264 639697186 2017030 495547455 798092132 830275985 189870022 820369168 997037093 404212690 833518238 574207048 258219178 695296427 403466 
407196809 773613678 775677687 301300869 716609099 180322958 166191244 893385928 900283169 300884072 115238870 571860914 438072124 212081594 777465178 406160165 108020209 269678716 260693546 456084015 67770847 943485882 645954037 740656366 940522974 50166726 426690955 367246374 160902255 121987382 220166191 568099063 748117411 848360229 869399932 317242861 28683186 888107527 63145141 781482707 41507951 30900362 205859972 479580074 242981955 983325150 885740238 203518515 105520217 998950135 659602529 25807415 942436016 305556565 766463780 
735475342 208239643 45671086 955238067 369141897 20174819 27920609 937240960 768292230 876280837 659157243 938051442 757480375 547264769 1196582 538963081 588772719 32096943 744823052 68352792 127595249 580664553 806609381 331113763 686184769 658075867 990716292 711992183 453028235 148789208 330972314 41019928 357028850 376643400 996257994 726170747 396818218 24178602 515928058 17626799 900459438 175085300 955678241 510456164 574866420 809391174 49419244 16155491 694004469 646758648 84508282 674116069 79939552 743634015 5229832 
618640673 254226233 848462475 183149207 707254467 849768034 514121521 748274394 59313236 743281272 744532387 785483982 140099489 621227340 153928391 10242640 374203130 329013690 818437232 884659293 903880109 480344757 786594889 920035599 26865577 285869888 857060233 700981646 365809439 453210599 558727829 984450111 707436831 259706655 20115670 267207650 109474688 534237190 15482043 168787923 130034813 612530782 806788256 122650653 233758121 960716646 132893292 607961250 142246687 951330523 345136895 46126796 284191632 131731783 818678746 


